0 0.20546875 0.57734375 0.0765625 0.1078125
0 0.196875 0.4984375 0.0359375 0.06171875
0 0.27109375 0.47578125 0.04140625 0.07890625
0 0.459375 0.52578125 0.05390625 0.07890625
0 0.53046875 0.52734375 0.0390625 0.08515625
0 0.49609375 0.50390625 0.025 0.08203125
0 0.5609375 0.52265625 0.01640625 0.08515625
0 0.68125 0.559375 0.03203125 0.03828125
0 0.53203125 0.3484375 0.0296875 0.03125
0 0.41953125 0.3828125 0.0234375 0.04921875
0 0.47109375 0.39609375 0.03203125 0.06015625
0 0.44609375 0.3625 0.0203125 0.03671875