0 0.2265625 0.7625 0.07265625 0.2046875
0 0.27890625 0.58359375 0.0640625 0.096875
0 0.41015625 0.5609375 0.05390625 0.10546875
0 0.3375 0.51640625 0.04140625 0.046875
0 0.334375 0.58359375 0.05 0.0796875
0 0.58203125 0.740625 0.08203125 0.13515625
0 0.69609375 0.78359375 0.05703125 0.13515625
0 0.7546875 0.746875 0.06640625 0.215625
0 0.63984375 0.68671875 0.0921875 0.203125
0 0.35234375 0.7875 0.065625 0.10390625
0 0.42109375 0.73671875 0.05546875 0.1546875
0 0.3578125 0.6921875 0.05078125 0.08984375