0 0.2953125 0.265625 0.03828125 0.06796875
0 0.32109375 0.34765625 0.02109375 0.09375
0 0.36796875 0.30078125 0.028125 0.05546875
0 0.47734375 0.45234375 0.040625 0.07109375
0 0.725 0.2484375 0.04609375 0.1015625
0 0.684375 0.43359375 0.03828125 0.0953125
0 0.74375 0.54375 0.03359375 0.103125
0 0.78203125 0.38828125 0.0421875 0.121875
0 0.75234375 0.40859375 0.0390625 0.1109375
0 0.7296875 0.403125 0.02265625 0.05859375
0 0.71640625 0.478125 0.02890625 0.0953125
0 0.31875 0.871875 0.034375 0.1015625
0 0.13203125 0.09375 0.0328125 0.06953125
0 0.16328125 0.0875 0.028125 0.08203125
0 0.2046875 0.0515625 0.03046875 0.09140625
0 0.11796875 0.0375 0.03046875 0.07265625