0 0.79375 0.3 0.1078125 0.309375
0 0.68828125 0.696875 0.12109375 0.4046875
0 0.9265625 0.70390625 0.0953125 0.325
0 0.37109375 0.7375 0.0921875 0.29296875
0 0.209375 0.64921875 0.08984375 0.36953125
0 0.0578125 0.57421875 0.08671875 0.33203125
0 0.3046875 0.665625 0.05859375 0.29375
0 0.3578125 0.47890625 0.08828125 0.1703125
0 0.27734375 0.43984375 0.0796875 0.171875
0 0.2703125 0.2796875 0.05859375 0.159375
0 0.48671875 0.27421875 0.0609375 0.17890625
0 0.5640625 0.21015625 0.06796875 0.19609375
0 0.690625 0.25390625 0.09375 0.2671875
0 0.590625 0.53984375 0.08828125 0.27265625
0 0.4953125 0.57421875 0.10390625 0.253125
0 0.21640625 0.28671875 0.0640625 0.20703125
0 0.13671875 0.278125 0.078125 0.24140625