0 0.29921875 0.86953125 0.078125 0.2609375
0 0.53125 0.56328125 0.05 0.1453125
0 0.5859375 0.6015625 0.03828125 0.17890625
0 0.4125 0.46953125 0.046875 0.1
0 0.35 0.40078125 0.0375 0.10625
0 0.334375 0.47265625 0.04375 0.109375
0 0.40390625 0.3859375 0.03359375 0.08671875
0 0.59921875 0.48359375 0.0359375 0.128125
0 0.17109375 0.6 0.07578125 0.1453125
0 0.2578125 0.62421875 0.04375 0.140625
0 0.36484375 0.69765625 0.046875 0.19453125
0 0.4125 0.640625 0.0546875 0.15703125
0 0.646875 0.60625 0.0484375 0.17578125