0 0.20625 0.75703125 0.07109375 0.1390625
0 0.06328125 0.71171875 0.0640625 0.06796875
0 0.084375 0.62890625 0.0953125 0.07265625
0 0.1 0.48828125 0.05234375 0.0796875
0 0.15234375 0.5609375 0.08125 0.065625
0 0.24765625 0.34609375 0.0609375 0.05234375
0 0.184375 0.3625 0.0453125 0.06796875
0 0.2953125 0.22265625 0.05703125 0.06796875
0 0.54609375 0.178125 0.05859375 0.08984375
0 0.6 0.18046875 0.0296875 0.065625
0 0.6140625 0.16171875 0.02734375 0.05703125
0 0.7546875 0.21953125 0.046875 0.08125
0 0.83359375 0.20078125 0.05078125 0.05546875
0 0.5453125 0.515625 0.07109375 0.153125
0 0.41328125 0.60546875 0.08515625 0.16015625
0 0.45 0.846875 0.08515625 0.08515625
0 0.296875 0.76953125 0.10234375 0.10390625
0 0.55078125 0.84296875 0.0796875 0.10625
0 0.66015625 0.84765625 0.0921875 0.11328125
0 0.76171875 0.89921875 0.0625 0.13046875
0 0.85390625 0.73515625 0.05390625 0.09765625
0 0.6609375 0.34296875 0.0609375 0.08125
0 0.58984375 0.35625 0.04296875 0.08828125
0 0.60546875 0.25703125 0.02421875 0.0625
0 0.54765625 0.32109375 0.03515625 0.05078125
0 0.53359375 0.35390625 0.04375 0.07109375
0 0.49453125 0.38359375 0.034375 0.04296875
0 0.45703125 0.44375 0.059375 0.1234375
0 0.72734375 0.365625 0.03984375 0.05859375
0 0.14453125 0.2921875 0.03984375 0.06953125