0 0.45859375 0.43203125 0.0890625 0.1171875
0 0.41953125 0.6 0.0890625 0.13125
0 0.5484375 0.840625 0.078125 0.125
0 0.7546875 0.90546875 0.10625 0.1765625
0 0.5578125 0.50078125 0.10625 0.1515625
0 0.6171875 0.26796875 0.06875 0.0796875
0 0.1609375 0.29609375 0.05625 0.1171875
0 0.09609375 0.48828125 0.0734375 0.0859375
0 0.16171875 0.565625 0.0640625 0.059375
0 0.09453125 0.63203125 0.0796875 0.0890625
0 0.0765625 0.7296875 0.11875 0.103125
0 0.27734375 0.76953125 0.0953125 0.1015625
0 0.43203125 0.8453125 0.0984375 0.125
0 0.7609375 0.21328125 0.0625 0.0796875
0 0.55078125 0.1796875 0.0578125 0.090625
0 0.29375 0.21171875 0.06875 0.0578125
0 0.253125 0.35546875 0.071875 0.0953125
0 0.696875 0.3625 0.115625 0.1125
0 0.83671875 0.2109375 0.0703125 0.090625
0 0.85390625 0.73984375 0.0984375 0.1359375